1 55.8 正手 击球点偏后，髋部提前转动致动力链断裂，需延长加速路径提高穿透性 1720003000.0
0,0.5,-0.3,9.8
20,6.0,4.0,10.5
40,19.8,14.3,17.1
60,45.0,30.4,24.5
80,68.0,44.1,32.4
100,41.8,27.4,20.0
120,14.0,10.1,12.2
140,2.1,1.4,10.3

2 89.4 反手 引拍紧凑，重心稳定，击球点靠前，出球旋转与深度兼具 1720003060.0
0.0,0.4,-0.5,9.9
20.0,6.3,3.9,10.8
40.0,20.4,14.0,17.2
60.0,45.3,30.1,24.7
80.0,68.5,43.8,32.6
100.0,41.6,27.6,20.2
120.0,14.3,10.0,12.4
140.0,2.0,1.2,10.1

3 61.2 正手 握拍偏紧导致拍面僵硬，旋转不足，建议放松前臂增加上旋 1720003120.0
0.0,0.6,-0.4,9.7
20.0,6.5,4.1,10.6
40.0,20.1,14.5,17.0
60.0,45.2,30.3,24.4
80.0,68.2,44.0,32.3
100.0,41.9,27.5,20.3
120.0,14.1,10.2,12.1
140.0,2.1,1.3,10.2

4 93.1 反手 击球节奏流畅，动力链完整，击球点理想，回球具高压迫性 1720003180.0
0.0,0.3,-0.5,9.8
20.0,6.2,3.8,10.7
40.0,20.3,14.1,17.1
60.0,45.1,30.2,24.6
80.0,68.4,43.9,32.5
100.0,41.7,27.5,20.1
120.0,14.2,10.0,12.3
140.0,2.0,1.3,10.2

5 78.6 正手 击球点稍高，拍面控制良好但上旋略弱，建议增加前送延伸 1720003240.0
0.0,0.5,-0.3,9.8
20.0,6.1,3.9,10.6
40.0,20.0,14.4,17.0
60.0,45.0,30.5,24.5
80.0,68.1,44.2,32.4
100.0,41.8,27.3,20.0
120.0,14.0,10.1,12.2
140.0,2.1,1.4,10.3

6 85.9 反手 拍面稳定，击球点靠前，旋转与速度结合佳，落点深远 1720003300.0
0.0,0.4,-0.4,9.9
20.0,6.3,4.0,10.7
40.0,20.5,14.2,17.2
60.0,45.4,30.0,24.8
80.0,68.6,43.7,32.7
100.0,41.5,27.6,20.2
120.0,14.4,10.0,12.5
140.0,2.0,1.2,10.1

7 57.4 正手 引拍延迟，击球点偏后致回球质量不足，需提前准备 1720003360.0
0.0,0.6,-0.3,9.7
20.0,6.4,4.1,10.6
40.0,20.2,14.5,17.1
60.0,45.3,30.4,24.5
80.0,68.3,44.1,32.3
100.0,41.9,27.4,20.3
120.0,14.2,10.2,12.1
140.0,2.1,1.3,10.2

8 90.2 反手 击球流畅，重心转换及时，回球旋转足且线路清晰 1720003420.0
0.0,0.3,-0.5,9.8
20.0,6.1,3.9,10.8
40.0,20.3,14.0,17.2
60.0,45.2,30.1,24.7
80.0,68.4,43.8,32.6
100.0,41.6,27.6,20.1
120.0,14.3,10.0,12.4
140.0,2.0,1.3,10.1

9 64.7 正手 随挥不足导致旋转不够，建议增加击球后的手臂延伸 1720003480.0
0.0,0.5,-0.4,9.8
20.0,6.2,4.0,10.6
40.0,20.1,14.4,17.1
60.0,45.1,30.3,24.5
80.0,68.2,44.0,32.4
100.0,41.8,27.5,20.0
120.0,14.1,10.1,12.3
140.0,2.1,1.4,10.2

10 95.6 反手 动作连贯，力量传递完整，出球质量极高，具备制胜能力 1720003540.0
0.0,0.3,-0.4,9.9
20.0,6.4,3.8,10.8
40.0,20.4,14.1,17.3
60.0,45.4,30.2,24.8
80.0,68.7,43.9,32.8
100.0,41.5,27.7,20.2
120.0,14.4,10.1,12.5
140.0,2.0,1.2,10.1

11 59.3 正手 脚步移动慢导致击球点不理想，建议提升移动速度与预判 1720003600.0
0.0,0.6,-0.3,9.8
20.0,6.5,4.1,10.6
40.0,20.0,14.5,17.0
60.0,45.1,30.4,24.4
80.0,68.3,44.0,32.3
100.0,41.9,27.5,20.1
120.0,14.2,10.2,12.2
140.0,2.1,1.3,10.2

12 91.8 反手 旋转充分，击球节奏稳定，落点深远并压制对手 1720003660.0
0.0,0.4,-0.5,9.9
20.0,6.2,3.9,10.8
40.0,20.3,14.0,17.2
60.0,45.3,30.1,24.7
80.0,68.5,43.8,32.6
100.0,41.6,27.6,20.1
120.0,14.3,10.0,12.4
140.0,2.0,1.3,10.1

13 66.5 正手 上身发力多下肢参与不足，需强化腿部驱动以提升稳定性 1720003720.0
0.0,0.5,-0.4,9.8
20.0,6.1,4.0,10.6
40.0,20.2,14.4,17.1
60.0,45.2,30.3,24.5
80.0,68.4,44.1,32.4
100.0,41.8,27.4,20.0
120.0,14.1,10.1,12.3
140.0,2.1,1.4,10.2

14 94.3 反手 击球点理想，动力链顺畅，出球兼具速度与旋转 1720003780.0
0.0,0.3,-0.4,9.9
20.0,6.3,3.8,10.8
40.0,20.5,14.1,17.3
60.0,45.4,30.2,24.8
80.0,68.6,43.9,32.7
100.0,41.5,27.7,20.1
120.0,14.4,10.0,12.5
140.0,2.0,1.2,10.1

15 53.7 正手 拍面打开过多，击球轨迹偏高且深度不足，需调整拍面角度 1720003840.0
0.0,0.6,-0.3,9.7
20.0,6.4,4.1,10.6
40.0,20.1,14.5,17.0
60.0,45.3,30.4,24.4
80.0,68.3,44.0,32.3
100.0,41.9,27.5,20.2
120.0,14.2,10.2,12.1
140.0,2.1,1.3,10.2

16 88.0 反手 动作稳定，重心转换流畅，击球速度与控制兼备 1720003900.0
0.0,0.4,-0.5,9.8
20.0,6.2,3.9,10.8
40.0,20.4,14.0,17.2
60.0,45.3,30.1,24.7
80.0,68.5,43.8,32.6
100.0,41.6,27.6,20.1
120.0,14.3,10.0,12.4
140.0,2.0,1.3,10.1

17 75.4 正手 击球节奏均衡但上旋偏弱，建议增加摩擦以提升压迫性 1720003960.0
0.0,0.5,-0.4,9.8
20.0,6.1,4.0,10.6
40.0,20.0,14.4,17.1
60.0,45.1,30.3,24.5
80.0,68.2,44.1,32.4
100.0,41.8,27.4,20.0
120.0,14.1,10.1,12.3
140.0,2.1,1.4,10.2

18 82.7 反手 击球节奏佳，拍面稳定，回球落点精准且具攻击性 1720004020.0
0.0,0.3,-0.5,9.9
20.0,6.3,3.9,10.8
40.0,20.3,14.1,17.2
60.0,45.2,30.2,24.7
80.0,68.4,43.9,32.6
100.0,41.6,27.7,20.1
120.0,14.3,10.0,12.4
140.0,2.0,1.3,10.1

19 60.9 正手 击球点偏后，力量传递不完全，建议提前移动迎前击球 1720004080.0
0.0,0.6,-0.3,9.7
20.0,6.4,4.1,10.6
40.0,20.1,14.5,17.0
60.0,45.3,30.4,24.5
80.0,68.3,44.0,32.3
100.0,41.9,27.5,20.3
120.0,14.2,10.2,12.1
140.0,2.1,1.3,10.2

20 96.0 反手 击球点精准，动力链完美衔接，出球极具制胜威胁 1720004140.0
0.0,0.3,-0.4,9.9
20.0,6.4,3.8,10.8
40.0,20.5,14.1,17.3
60.0,45.4,30.2,24.8
80.0,68.7,43.9,32.8
100.0,41.5,27.7,20.2
120.0,14.4,10.1,12.5
140.0,2.0,1.2,10.1
