[-0.72, 0.64, 0.75]
[0.59, 0.05, 0.91]
[-0.75, -0.22, 0.61]
[0.61, 0.24, -0.0]
[0.54, 0.56, -0.88]
[0.46, 0.38, 0.42]
[0.09, -0.5, 0.36]
[-0.33, 0.7, 1.0]
[-0.97, 0.28, -0.19]
[-0.42, 0.99, 0.59]
[-0.88, -0.17, 0.51]
[0.78, -0.92, 0.31]
[-0.98, -0.31, 0.61]
[0.97, -0.65, -0.14]
[-0.21, 0.14, -0.81]
[-0.46, 0.88, -0.06]
[0.66, -0.48, -0.53]
[0.4, -0.07, 0.06]
[0.51, 0.55, 0.16]
[0.63, -0.5, -0.0]
[0.08, 0.24, 0.09]
[0.2, 0.52, 0.16]
[0.29, 0.35, 0.14]
[0.79, 0.51, 0.34]
[0.94, 1.2, 0.61]
[0.49, 1.43, 0.26]
[0.58, 1.33, 0.89]
[1.12, 1.37, 0.91]
[1.45, 1.32, 0.48]
[1.47, 2.54, 1.28]
[1.15, 1.45, 0.67]
[1.12, 2.64, 1.17]
[2.37, 2.03, 1.71]
[2.7, 1.45, 1.75]
[1.16, 3.79, 0.66]
[2.01, 1.67, 1.69]
[1.51, 2.69, 1.4]
[1.3, 3.25, 0.87]
[2.86, 3.03, 2.3]
[3.05, 4.33, 1.43]
[3.6, 5.26, 1.14]
[3.41, 2.48, 1.37]
[2.28, 2.83, 2.02]
[2.53, 5.92, 3.14]
[4.21, 3.76, 1.65]
[2.55, 4.38, 2.81]
[4.77, 5.06, 1.58]
[3.02, 6.59, 1.29]
[5.61, 3.39, 3.68]
[2.94, 4.74, 3.91]
[-15.08, -11.95, 3.5]
[-16.79, 5.36, -9.59]
[19.72, -0.73, -6.81]
[1.76, 2.34, 4.26]
[-8.16, -5.42, 6.77]
[4.73, 3.45, 2.98]
[1.72, 4.53, 1.61]
[1.96, 3.0, 1.31]
[0.93, 1.2, 1.9]
[5.0, 3.23, 1.84]
[0.84, 1.8, 2.24]
[1.55, 1.58, 1.23]
[3.35, 3.29, 0.63]
[1.43, 2.72, 0.6]
[3.23, 2.03, 0.65]
[3.09, 3.23, 1.34]
[3.73, 1.48, 1.9]
[0.73, 2.53, 0.41]
[1.22, 1.36, 1.44]
[0.78, 1.96, 1.31]
[2.77, 0.53, 0.85]
[1.93, 2.32, 1.08]
[2.6, 1.97, 0.72]
[1.11, 0.45, 0.85]
[1.43, 0.57, 0.63]
[1.37, 0.79, 0.31]
[0.61, 0.47, 0.19]
[1.25, 0.43, 0.78]
[1.09, 1.02, 0.51]
[0.6, 0.88, 0.47]
[0.76, 0.56, 0.18]
[0.71, 0.24, 0.3]
[0.52, 0.21, 0.07]
[0.09, 0.3, 0.15]
[0.1, 0.16, 0.09]
[-0.03, 0.12, -0.18]
[0.11, -0.17, 0.04]
[-0.09, -0.01, 0.08]
[-0.03, 0.08, -0.09]
[0.15, -0.17, -0.05]
[0.17, -0.07, 0.18]
[-0.03, 0.15, -0.11]
[-0.12, 0.15, -0.15]
[-0.03, 0.01, 0.11]
[-0.15, -0.2, 0.08]
[0.02, 0.17, -0.07]
[-0.09, 0.06, -0.16]
[0.16, -0.08, -0.02]
[-0.0, -0.03, 0.0]
[-0.19, -0.1, 0.14]
[-0.08, -0.02, 0.11]
[0.14, 0.14, -0.08]
[0.06, 0.02, -0.14]
[-0.0, -0.08, 0.12]
[-0.11, 0.12, -0.15]